32
11
45 68 54 61 90 72 100 47 21 46 66
20
26 13 2 23 76 89 32 91 38 65 59 32 83 52 63 0 88 31 27 42
17
89 18 68 96 46 69 48 21 79 95 23 73 88 25 31 21 96
11
47 2 71 20 15 42 73 37 65 46 21
6
18 59 81 87 75 11
15
52 27 13 17 72 71 40 46 57 84 18 20 14 16 49
3
35 72 94
1
77
16
75 9 91 21 8 75 55 73 59 4 97 21 29 28 24 68
3
6 1 56
20
0 67 84 79 99 28 71 59 18 6 51 49 58 98 79 88 61 34 22 97
10
23 88 95 49 95 72 80 49 63 71
19
50 29 85 85 19 62 78 1 98 35 87 14 78 99 99 48 76 50 0
14
27 37 41 13 43 83 30 19 40 51 12 22 99 9
9
87 57 98 34 97 79 91 41 78
8
33 40 8 30 41 78 23 93
3
32 5 96
16
1 1 53 77 30 14 89 8 25 9 68 67 81 24 43 42
16
56 83 86 38 73 9 27 25 13 59 5 48 30 49 26 46
10
52 69 44 70 86 28 43 38 83 18
11
79 8 5 66 70 20 78 85 78 68 26
4
37 7 59 0
6
90 37 13 19 78 46
20
4 72 80 49 7 47 52 89 30 49 58 41 96 17 65 48 3 79 43 56
11
16 54 14 68 65 28 54 13 32 39 14
21
16 18 13 91 58 54 9 46 91 89 8 46 80 73 88 40 9 91 43 69 47
15
58 33 72 76 2 64 73 24 77 16 0 80 31 96 23
10
50 59 96 86 56 46 9 96 62 58
19
82 15 91 100 82 8 16 9 63 63 40 95 6 94 42 45 26 73 85
16
3 31 96 12 35 44 36 39 1 53 18 85 40 54 93 68
3
61 95 9
19
9 45 5 32 8 23 23 62 84 3 52 1 51 43 65 6 55 25 3
