32
17
59 52 72 36 32 37 33 27 1 55 4 86 26 3 74 75 63
17
77 39 77 75 86 39 72 31 98 23 90 81 59 2 59 24 3
7
100 61 13 43 74 66 82
4
37 34 19 53
3
62 75 27
10
26 72 4 92 83 14 2 92 36 41
4
30 50 95 99
21
42 20 59 66 59 10 5 65 72 83 78 69 74 42 14 38 45 39 40 59 38
19
6 93 79 5 0 18 16 11 70 19 22 35 85 51 60 63 76 73 22
19
75 99 84 66 54 85 2 78 33 31 59 88 94 4 21 0 4 27 60
10
54 64 41 10 96 67 8 80 96 18
1
41
12
52 95 45 46 80 11 97 97 80 45 7 82
17
68 6 40 23 99 15 66 19 76 53 2 67 61 47 95 96 24
6
25 77 85 87 95 56
8
46 68 60 92 43 9 56 48
9
78 40 65 70 12 9 86 16 62
18
96 77 60 28 82 38 99 93 79 82 49 62 59 22 57 4 4 43
9
67 42 83 13 86 4 3 0 24
8
34 24 19 56 81 93 77 3
11
43 99 67 14 8 90 61 11 37 16 77
15
25 11 12 57 10 42 49 73 56 90 22 77 55 85 72
1
25
7
1 52 83 42 85 23 38
7
94 95 83 29 32 35 60
1
40
18
11 15 41 20 85 25 52 89 61 20 36 80 17 81 57 93 55 11
21
21 0 75 90 19 93 28 24 16 4 17 85 48 17 11 40 32 45 43 32 2
9
39 31 9 53 49 4 83 59 82
4
8 98 60 65
18
0 24 3 76 27 89 77 81 9 10 66 0 55 19 44 27 17 62
1
38
