32
3
87 29 80
10
3 2 70 41 4 49 100 24 79 59
5
76 49 23 75 62
18
64 23 95 13 78 94 85 67 49 88 18 23 100 12 13 35 47 25
2
7 95
14
97 25 72 45 35 29 25 93 26 45 12 88 53 4
3
54 31 45
14
32 73 30 2 26 43 20 65 49 86 34 48 33 97
2
26 1
1
92
11
41 25 68 83 45 23 20 31 93 79 12
16
48 56 9 71 23 42 69 0 53 1 55 51 84 8 6 5
20
97 65 86 64 15 3 0 91 95 2 28 18 18 90 69 12 10 40 26 76
21
56 64 73 52 19 40 41 78 50 14 24 97 100 86 67 62 89 4 39 70 93
20
25 52 15 35 79 12 98 76 6 89 10 10 32 76 53 1 71 97 96 62
3
55 35 29
6
93 81 26 16 83 88
21
78 79 89 52 97 6 57 47 46 44 48 20 90 42 21 36 37 16 64 44 72
6
5 52 98 3 33 91
5
82 31 55 99 86
15
97 24 11 20 63 7 100 36 99 83 60 27 12 37 58
16
0 70 20 41 96 16 33 90 64 58 28 25 95 23 73 45
7
40 79 6 10 95 39 79
5
50 69 33 10 18
9
16 27 24 51 22 35 71 71 77
1
36
14
16 23 65 27 33 80 94 96 79 31 99 83 89 10
1
64
2
75 90
4
12 43 60 90
8
10 3 1 8 59 77 43 85
17
36 93 24 30 49 39 15 49 62 59 74 99 71 70 94 39 60
