32
11
71 51 35 1 15 64 31 36 89 48 96
10
20 70 79 51 27 37 89 19 16 3
14
22 8 62 98 26 70 68 85 94 57 25 48 78 62
14
53 40 47 71 76 28 17 30 17 40 43 42 32 55
2
38 85
18
77 63 54 92 98 36 7 99 77 71 26 77 37 58 22 88 79 9
4
78 84 65 66
18
5 88 81 46 63 97 91 82 75 87 56 1 84 95 28 25 55 63
7
46 97 61 22 58 1 77
7
55 50 56 2 59 56 22
19
69 71 99 62 93 96 23 96 98 83 83 61 97 49 98 1 47 61 63
21
26 82 21 34 45 15 25 79 86 75 5 97 29 88 17 56 9 10 51 48 86
7
44 51 26 30 89 87 93
18
51 31 66 60 6 43 34 91 39 18 51 70 85 98 81 17 0 20
4
70 38 78 51
11
61 61 14 21 70 48 89 11 22 32 54
6
99 44 65 93 9 18
17
40 51 62 11 95 52 13 76 92 11 8 35 48 8 45 15 21
2
35 22
10
45 87 79 96 69 52 59 87 99 61
10
35 92 19 34 41 43 52 40 4 60
4
94 60 77 22
18
84 80 33 96 10 11 8 82 94 67 11 3 14 40 87 32 25 10
14
31 82 11 61 0 96 89 71 15 11 49 56 5 72
18
80 76 2 82 72 72 83 85 75 30 51 27 46 4 55 98 71 30
20
22 62 6 89 43 70 81 6 32 50 78 28 78 28 94 35 25 31 59 58
20
69 23 27 13 13 38 5 91 58 75 18 3 0 78 93 45 54 67 9 71
18
55 99 70 45 64 4 68 11 10 38 76 89 49 14 19 83 31 1
14
46 97 65 18 6 90 62 65 95 50 16 37 73 15
13
12 18 13 0 23 0 86 53 24 95 36 65 94
16
48 49 59 58 83 12 14 88 53 76 9 100 54 30 60 22
12
12 36 97 85 78 31 16 77 55 45 41 81
