32
1
24
3
43 26 52
19
78 18 96 43 11 32 10 58 59 94 75 95 85 5 94 60 99 90 40
17
38 21 14 77 69 19 66 90 87 0 9 9 50 62 58 38 24
3
17 99 86
19
5 27 47 47 11 48 46 51 98 97 42 10 86 4 11 48 27 46 40
5
40 5 67 12 34
18
72 40 64 38 40 2 43 37 62 66 7 63 83 92 65 67 73 32
12
31 11 84 40 78 40 28 32 72 3 56 74
9
11 53 61 8 71 67 64 2 96
19
10 68 87 90 2 0 54 94 40 96 52 80 36 100 19 35 1 85 52
17
85 72 37 63 22 31 8 54 8 27 22 0 10 2 26 14 6
11
6 22 86 37 16 5 56 92 78 89 46
19
15 33 20 72 43 43 53 30 35 7 78 42 75 39 93 16 2 35 90
3
39 87 88
15
69 19 99 92 76 58 36 46 50 64 38 25 36 55 26
3
50 20 68
11
28 9 52 86 11 39 16 23 4 59 98
16
0 61 18 58 61 17 8 69 89 98 72 61 97 33 51 81
7
84 55 41 94 41 52 94
6
72 88 3 37 43 0
2
25 98
7
58 86 65 46 36 44 67
8
57 88 78 95 90 100 40 38
19
97 6 79 69 68 23 24 54 21 78 16 75 93 72 29 48 45 19 49
5
78 54 85 44 14
21
43 30 85 7 82 73 10 98 15 78 30 24 7 3 42 41 10 88 57 43 24
6
60 94 11 77 98 61
20
0 39 94 24 68 25 22 48 2 4 0 64 93 41 70 38 71 81 60 71
12
96 46 35 60 90 66 77 37 36 67 62 46
7
8 88 23 11 8 21 32
4
61 40 37 75
