32
6
60 95 74 13 73 72
6
93 80 67 91 42 78
5
85 37 85 71 25
14
83 93 72 87 32 82 68 92 67 27 81 37 0 38
14
56 67 67 58 28 78 1 14 40 30 31 76 95 34
19
60 86 62 65 30 34 46 55 69 82 78 9 65 80 38 4 3 82 91
17
0 5 10 63 79 50 6 17 89 14 90 78 5 57 96 99 51
21
0 100 52 11 38 94 99 24 26 46 45 76 9 20 88 57 3 18 77 10 28
3
14 36 70
1
63
9
3 67 39 40 56 8 36 6 63
6
46 17 65 97 61 15
5
81 34 59 30 57
21
51 24 98 23 36 5 79 95 56 48 39 99 96 75 60 3 12 80 42 91 78
16
70 26 92 14 26 19 76 100 46 50 57 100 96 66 98 93
19
64 36 24 89 31 64 91 43 93 3 64 77 9 50 26 79 17 75 62
17
15 30 44 80 55 55 23 47 22 68 26 2 90 10 57 29 12
21
20 14 94 33 37 5 35 33 47 32 39 95 34 85 37 38 87 2 70 83 1
14
96 15 83 100 93 10 24 87 69 29 98 43 12 80
16
68 24 94 51 62 25 9 65 89 69 77 4 71 55 5 64
9
57 16 27 83 22 70 15 89 76
21
80 78 55 100 53 62 36 3 7 1 99 34 87 83 20 87 42 97 65 6 55
1
25
20
32 30 79 56 16 99 8 40 51 67 22 40 23 77 53 53 50 23 93 27
11
26 19 53 2 71 8 95 42 70 52 78
14
17 47 37 66 41 0 69 1 29 81 30 61 35 76
18
38 58 60 7 47 7 73 37 9 77 11 69 82 71 10 77 97 29
15
55 52 54 89 74 87 96 78 28 80 80 78 66 57 58
16
78 46 95 81 3 75 14 87 76 93 8 1 52 48 22 92
6
17 70 3 3 43 88
10
44 53 50 47 54 70 65 54 34 54
3
67 32 52
