32
5
58 25 77 13 37
1
49
3
99 62 24
21
37 100 4 41 31 16 83 64 81 49 64 99 37 6 31 79 80 29 7 24 69
14
38 24 64 67 93 52 86 42 50 56 43 28 83 71
16
41 45 36 97 83 36 93 40 4 74 23 45 35 94 82 25
21
38 97 70 91 90 29 12 100 24 25 23 10 49 96 90 23 36 69 38 5 92
16
11 89 63 27 13 38 37 37 32 75 68 24 80 17 50 45
7
30 89 84 35 24 74 50
12
95 20 64 55 87 52 94 35 75 2 70 15
21
13 100 71 45 71 7 61 29 67 15 45 42 70 13 38 61 10 38 96 90 7
21
1 55 98 27 14 59 26 90 21 41 58 55 98 27 27 45 97 40 2 25 89
11
71 31 28 37 90 53 2 75 63 33 33
20
97 87 17 4 91 25 33 45 89 10 51 35 51 74 39 68 53 62 95 71
19
20 68 34 64 68 55 88 27 54 14 28 86 3 64 71 30 0 46 37
1
53
12
93 36 9 50 41 15 2 42 34 91 62 0
6
97 21 69 11 10 58
7
70 54 67 73 95 39 0
5
65 45 60 98 59
18
97 92 1 67 70 44 82 69 51 65 33 2 79 92 9 54 44 100
11
38 70 81 9 46 23 83 41 54 62 89
19
88 62 33 13 40 99 55 88 62 50 38 93 54 54 12 93 68 83 28
21
4 92 11 3 10 17 31 39 24 96 56 30 91 16 58 89 60 45 24 91 58
4
14 66 33 44
14
7 36 70 92 24 88 4 43 6 52 6 47 91 18
16
43 90 18 67 72 53 52 30 32 100 0 36 60 47 65 38
1
98
21
17 67 33 29 68 20 6 93 61 31 48 40 28 63 24 89 51 43 37 93 46
13
34 43 98 59 13 35 9 66 34 65 59 82 66
9
40 3 100 99 35 45 72 94 64
15
82 26 98 56 89 96 77 11 70 27 33 8 14 77 6
