32
12
59 72 85 60 86 55 85 42 62 65 38 44
7
90 5 97 27 38 48 79
18
53 48 57 39 93 84 7 34 8 65 2 37 84 96 78 14 87 87
21
47 80 80 46 52 78 68 11 72 64 58 14 54 95 76 52 10 41 47 26 18
17
74 46 21 57 13 1 32 62 15 61 22 62 39 95 91 68 45
8
61 44 91 70 10 6 97 67
14
67 17 21 36 13 75 31 61 36 32 57 3 44 64
21
96 10 65 21 64 16 100 65 58 25 41 47 47 24 62 16 34 11 68 66 32
3
78 19 95
8
66 82 1 9 62 84 68 9
21
98 88 47 51 98 5 61 45 74 2 3 44 28 98 12 36 29 48 11 69 32
19
41 92 6 21 69 57 57 87 26 51 52 92 9 93 58 8 93 28 32
1
67
18
13 65 72 84 29 26 18 40 59 55 2 16 83 37 0 14 68 57
6
71 74 29 97 43 25
16
58 40 59 90 57 64 22 90 96 68 45 45 85 98 70 11
7
77 82 41 40 68 88 25
13
31 89 97 69 59 73 66 50 53 96 23 65 39
9
62 61 47 1 47 30 72 66 29
7
38 62 75 43 88 13 10
7
9 57 35 59 55 58 3
14
97 65 32 43 22 90 14 37 9 44 99 90 26 81
12
71 45 10 10 92 35 72 47 100 84 15 91
19
3 16 51 62 16 12 78 85 87 81 41 57 14 41 3 6 99 70 37
10
42 72 5 87 36 98 1 86 23 1
17
36 95 73 75 17 34 52 49 5 34 20 18 1 17 80 46 22
19
34 95 93 61 71 60 3 79 16 50 62 5 58 70 24 100 94 26 62
15
54 87 59 75 73 97 31 55 40 21 21 22 18 22 95
12
74 45 49 97 22 68 25 8 5 5 43 49
7
88 70 98 38 62 18 54
1
86
2
75 68
