32
4
6 56 81 32
7
96 91 97 64 62 77 62
7
99 15 89 65 77 34 31
10
36 85 20 2 49 80 100 93 92 51
3
14 2 40
19
15 54 12 20 97 68 30 65 26 12 77 26 53 6 88 21 100 13 8
5
14 69 95 4 21
3
4 13 86
7
7 30 97 25 76 75 40
21
6 53 71 95 57 40 15 10 63 41 66 29 95 49 46 66 51 46 91 94 24
19
26 70 93 49 37 13 77 40 34 71 22 28 31 10 51 91 22 71 73
13
7 80 55 84 58 48 31 89 4 92 51 27 6
13
85 53 95 54 26 94 10 30 28 99 19 91 0
10
90 82 79 77 30 68 65 32 98 19
17
67 75 85 61 1 37 64 59 44 15 90 3 32 39 47 15 51
4
14 48 72 17
18
20 5 58 29 46 3 72 96 46 67 31 97 64 53 48 81 98 37
6
35 68 38 99 66 93
8
25 90 72 99 39 3 76 19
3
11 98 4
4
23 70 45 34
18
18 22 39 49 98 93 11 67 3 80 80 55 82 99 49 59 97 4
14
19 59 40 84 60 0 77 19 41 29 71 45 79 12
7
86 98 72 65 77 88 9
12
50 74 12 77 27 91 92 15 78 56 77 43
16
93 40 10 8 99 94 88 70 7 78 49 79 72 83 74 38
20
94 80 47 31 21 50 51 70 65 13 32 19 10 48 46 30 49 87 77 59
2
35 67
18
14 81 68 100 34 85 85 41 46 12 23 84 77 6 98 35 63 92
3
97 20 64
8
69 50 4 2 51 48 55 47
8
44 6 31 23 96 36 67 43
