32
16
53 68 49 14 0 16 42 6 6 26 21 35 94 8 21 60
19
72 81 15 16 34 61 73 11 66 73 86 64 56 82 2 48 5 92 8
2
52 29
16
72 3 42 46 17 83 10 67 82 55 47 59 89 90 74 58
9
42 37 70 52 36 89 98 74 88
1
15
15
69 92 3 71 89 17 85 48 51 14 12 36 62 94 24
20
63 28 70 34 10 60 48 97 59 14 25 25 20 88 64 49 76 90 36 18
15
53 59 32 81 31 20 45 80 43 26 36 30 92 98 73
1
73
4
29 52 58 37
17
24 80 69 34 67 77 97 74 88 14 100 87 36 44 4 49 32
10
50 57 17 62 8 50 45 87 94 63
17
40 31 42 89 81 70 35 46 21 26 5 58 88 19 92 74 12
20
33 66 17 73 11 16 90 75 5 50 99 8 9 39 87 73 57 58 37 30
8
99 76 57 31 95 66 56 52
12
48 5 91 10 56 62 83 73 73 24 3 97
17
74 21 24 91 65 4 34 33 73 10 59 48 76 82 25 30 94
4
100 33 16 82
11
14 87 22 35 6 24 71 73 39 98 31
11
72 39 33 39 73 80 82 71 21 32 98
21
16 90 29 70 18 44 34 20 48 67 52 76 86 61 89 50 22 11 62 79 11
11
46 86 32 13 31 97 48 49 73 7 6
6
88 91 74 33 17 97
20
44 51 37 100 79 19 47 54 7 29 83 30 79 59 52 93 0 81 13 73
15
56 59 93 70 49 36 88 63 84 43 21 41 77 41 1
1
32
2
23 85
11
70 74 23 9 11 52 4 94 48 23 59
15
90 59 92 1 36 48 94 71 55 4 57 88 18 52 11
1
24
5
12 96 22 58 54
